0.4893854748603352
0.740782122905028
0.8167597765363128
0.8770949720670391
0.9139664804469274
0.6048076170132966
0.9910754565051008
0.49050279329608937
0.7418994413407821
0.8178770949720671
0.8837988826815643
0.9195530726256983
0.6075149033417431
0.9913325297709815
0.4223463687150838
0.7094972067039106
0.7832402234636872
0.8592178770949721
0.8893854748603351
0.5523572170295975
0.9867962369275215
0.4949720670391061
0.7608938547486034
0.8379888268156425
0.9005586592178771
0.929608938547486
0.613484172323991
0.9922567931860551
0.5016759776536313
0.7575418994413408
0.8368715083798882
0.8938547486033519
0.924022346368715
0.6170030037736994
0.992466853053117
0.49273743016759775
0.7486033519553073
0.8178770949720671
0.8815642458100559
0.9150837988826815
0.6052705156977183
0.9916706261284439
0.48044692737430167
0.7251396648044692
0.7988826815642458
0.8681564245810056
0.8994413407821229
0.5912615519710771
0.990714353590771
0.49162011173184356
0.7608938547486034
0.8513966480446927
0.9039106145251397
0.929608938547486
0.6124092130859212
0.9927559354415978
0.4960893854748603
0.7553072625698324
0.8312849162011173
0.8960893854748604
0.9284916201117318
0.6127407619438014
0.9920667390206176
0.49273743016759775
0.7486033519553073
0.8212290502793296
0.8860335195530726
0.924022346368715
0.6103067031178259
0.9916346158655189
0.4871508379888268
0.7608938547486034
0.846927374301676
0.911731843575419
0.9351955307262569
0.6124399268099058
0.9930600221062974
0.49050279329608937
0.740782122905028
0.8178770949720671
0.88268156424581
0.9173184357541899
0.6073179673445118
0.9913045217887063
0.488268156424581
0.7642458100558659
0.8446927374301676
0.9050279329608939
0.9340782122905028
0.614022858140496
0.9927739405730602
0.4949720670391061
0.7340782122905027
0.7988826815642458
0.8581005586592179
0.8938547486033519
0.6035504965632497
0.9901621962259218
0.4960893854748603
0.7564245810055866
0.8245810055865922
0.8849162011173184
0.9184357541899442
0.6124042156217745
0.9918326723116059
0.4849162011173184
0.740782122905028
0.8078212290502793
0.8670391061452514
0.9072625698324023
0.5987775463300271
0.990544305126958
0.4960893854748603
0.7508379888268156
0.8279329608938547
0.8893854748603351
0.9284916201117318
0.6126702315723335
0.9918546785833935
0.3240223463687151
0.5865921787709497
0.6837988826815642
0.7575418994413408
0.7877094972067039
0.44581738560576917
0.9602606742921694
0.42793296089385474
0.7195530726256983
0.788826815642458
0.8569832402234637
0.8905027932960894
0.5568805904897579
0.9867592263795151
0.41564245810055866
0.6871508379888268
0.7642458100558659
0.829050279329609
0.864804469273743
0.5380303616069648
0.9820348799407806
0.4335195530726257
0.7050279329608938
0.7899441340782123
0.8614525139664805
0.8927374301675978
0.5598184475669481
0.9863050969526284
0.39106145251396646
0.6793296089385474
0.7541899441340782
0.8256983240223463
0.8558659217877095
0.5203722496216138
0.9814507134533306
0.44692737430167595
0.7318435754189944
0.8145251396648044
0.8837988826815643
0.906145251396648
0.5773729053095529
0.9894740000900223
0.488268156424581
0.758659217877095
0.8491620111731844
0.9016759776536313
0.929608938547486
0.6077985681114404
0.9920947470028925
0.4547486033519553
0.7575418994413408
0.8435754189944135
0.8927374301675978
0.9273743016759777
0.5903564731245008
0.9913495346173622
0.48156424581005586
0.7698324022346369
0.8513966480446927
0.9039106145251397
0.9351955307262569
0.6080348319783484
0.9925918886882727
0.4424581005586592
0.7340782122905027
0.8212290502793296
0.8916201117318435
0.929608938547486
0.5742864540775027
0.9915205833662549
0.42681564245810055
0.7083798882681565
0.7921787709497207
0.8614525139664805
0.8983240223463688
0.5559098559065779
0.9870673141845389
0.4960893854748603
0.7541899441340782
0.8402234636871508
0.8994413407821229
0.9251396648044693
0.6144663053172152
0.9922327863441047
0.441340782122905
0.7340782122905027
0.8212290502793296
0.88268156424581
0.9139664804469274
0.5727137793818061
0.9899871463367016
0.4446927374301676
0.7418994413407821
0.829050279329609
0.8860335195530726
0.9195530726256983
0.577305538109198
0.9905963199511821
0.4122905027932961
0.6804469273743017
0.7664804469273743
0.8391061452513966
0.8681564245810056
0.5372364898875046
0.9839424235907201
0.3653631284916201
0.6279329608938548
0.7240223463687151
0.794413407821229
0.8301675977653631
0.48981982403169305
0.9744547195950818
0.4849162011173184
0.735195530726257
0.8245810055865922
0.888268156424581
0.9139664804469274
0.6009584866370093
0.9914705691121948
0.3843575418994413
0.6558659217877095
0.7474860335195531
0.8167597765363128
0.8491620111731844
0.5113434733575418
0.9793721210544974
0.34301675977653634
0.6167597765363129
0.7072625698324022
0.7754189944134078
0.8167597765363128
0.4704120435357355
0.9701554943158764
0.4301675977653631
0.7128491620111732
0.7932960893854749
0.8614525139664805
0.8938547486033519
0.5562843249396385
0.9881716289142372
0.441340782122905
0.729608938547486
0.8256983240223463
0.8871508379888268
0.9184357541899442
0.5754419897245687
0.9909724271417321
0.47150837988826816
0.7597765363128491
0.8458100558659218
0.9150837988826815
0.9351955307262569
0.5992275406862274
0.9926128946749788
0.33631284916201115
0.6100558659217877
0.7016759776536313
0.776536312849162
0.8078212290502793
0.46317013482265174
0.9691692132257664
0.4983240223463687
0.770949720670391
0.8458100558659218
0.9039106145251397
0.9318435754189944
0.6189148482307265
0.9932200677192969
0.49162011173184356
0.7608938547486034
0.8402234636871508
0.8994413407821229
0.9307262569832402
0.6133067693106755
0.9925088650265292
0.4748603351955307
0.7273743016759776
0.8033519553072626
0.8759776536312849
0.906145251396648
0.5889591728827716
0.9911114667680261
0.48044692737430167
0.7307262569832402
0.8067039106145252
0.8782122905027933
0.9106145251396648
0.5931390034807033
0.9912084944209077
0.4659217877094972
0.7072625698324022
0.7854748603351955
0.852513966480447
0.888268156424581
0.5779558631019881
0.9898210990132162
0.4871508379888268
0.7251396648044692
0.8022346368715084
0.8681564245810056
0.906145251396648
0.5960392913713403
0.9909734274268139
0.3407821229050279
0.6156424581005586
0.7016759776536313
0.7776536312849162
0.8201117318435754
0.46937636509286007
0.9703595524724513
0.4212290502793296
0.7184357541899441
0.7955307262569833
0.8659217877094972
0.9050279329608939
0.5535247312136458
0.9900861745597457
0.3877094972067039
0.6558659217877095
0.7396648044692737
0.8156424581005587
0.8502793296089386
0.510953150159107
0.978951001035292
0.49273743016759775
0.7474860335195531
0.8156424581005587
0.8849162011173184
0.9217877094972067
0.6097356456132224
0.9914945759541437
0.49050279329608937
0.7608938547486034
0.8379888268156425
0.8994413407821229
0.929608938547486
0.6118633908328851
0.992335815707473
0.49385474860335193
0.7486033519553073
0.8212290502793296
0.8860335195530726
0.924022346368715
0.6106633831375697
0.9916146101638937
0.49385474860335193
0.7474860335195531
0.8167597765363128
0.8860335195530726
0.924022346368715
0.6105950494933253
0.9915385884977187
0.49050279329608937
0.7620111731843575
0.841340782122905
0.8994413407821229
0.929608938547486
0.6128038101662518
0.992479856759173
0.4893854748603352
0.7385474860335196
0.8167597765363128
0.8759776536312849
0.911731843575419
0.6046762169253879
0.9910274428212013
0.4893854748603352
0.7597765363128491
0.846927374301676
0.9106145251396648
0.9351955307262569
0.6137677211666608
0.9929799992997966
0.4949720670391061
0.7597765363128491
0.8357541899441341
0.8949720670391061
0.929608938547486
0.6128217273839984
0.9922067789319924
0.4960893854748603
0.7474860335195531
0.8223463687150838
0.8893854748603351
0.9284916201117318
0.6119084704768917
0.9917246415228315
0.49385474860335193
0.7474860335195531
0.823463687150838
0.8871508379888268
0.9273743016759777
0.6109277594946463
0.991690631830069
0.4893854748603352
0.7631284916201118
0.8435754189944135
0.9050279329608939
0.9340782122905028
0.6134907816146918
0.992679913775423
0.4960893854748603
0.7553072625698324
0.8324022346368715
0.8960893854748604
0.9284916201117318
0.6128170748806925
0.9920617375952115
0.5039106145251396
0.7620111731843575
0.8335195530726257
0.8927374301675978
0.9273743016759777
0.6192370759678378
0.9923478191284487
0.4692737430167598
0.7486033519553073
0.8346368715083798
0.8938547486033519
0.9273743016759777
0.592306999593046
0.9919647099423304
0.5072625698324023
0.753072625698324
0.823463687150838
0.8759776536312849
0.911731843575419
0.6157204327934989
0.9916096087384875
0.5005586592178771
0.758659217877095
0.8245810055865922
0.8871508379888268
0.9195530726256983
0.6156401891213783
0.9919697113677372
0.4893854748603352
0.729608938547486
0.8044692737430168
0.8603351955307262
0.9027932960893855
0.5975744878453102
0.9906623387665454
0.48156424581005586
0.7318435754189944
0.8055865921787709
0.8715083798882681
0.9039106145251397
0.5931886257039297
0.9908653966380391
0.4491620111731844
0.6815642458100558
0.7620111731843575
0.8301675977653631
0.8759776536312849
0.5570350931307307
0.988145621502126
0.5039106145251396
0.7631284916201118
0.841340782122905
0.8960893854748604
0.9318435754189944
0.6209300138097927
0.992705921187535
0.46368715083798884
0.7385474860335196
0.8301675977653631
0.8905027932960894
0.9106145251396648
0.5867388704686801
0.9908423900811697
0.49162011173184356
0.7430167597765364
0.8145251396648044
0.8737430167597765
0.9072625698324023
0.6029940817147638
0.9908824014844202
0.4871508379888268
0.7340782122905027
0.8067039106145252
0.8603351955307262
0.9016759776536313
0.5978401383714056
0.9906653396217904
0.47039106145251397
0.7396648044692737
0.8100558659217877
0.888268156424581
0.9195530726256983
0.593145407862243
0.9918866877059938
0.4972067039106145
0.7396648044692737
0.8324022346368715
0.8871508379888268
0.9173184357541899
0.6095972447490845
0.991759651500674
0.5039106145251396
0.7642458100558659
0.8424581005586592
0.8972067039106145
0.9318435754189944
0.6210334547632652
0.992745932590785
0.5050279329608939
0.7608938547486034
0.8324022346368715
0.8905027932960894
0.9251396648044693
0.6194006696999437
0.9922918031638992
0.5027932960893855
0.7664804469273743
0.8435754189944135
0.9050279329608939
0.9329608938547486
0.6217489848936891
0.9929179816247594
0.4960893854748603
0.7553072625698324
0.8245810055865922
0.88268156424581
0.9150837988826815
0.6112096665173473
0.9917196400974249
0.5039106145251396
0.7620111731843575
0.8346368715083798
0.8927374301675978
0.9284916201117318
0.6190830290104781
0.9923828291062923
0.49050279329608937
0.7385474860335196
0.8134078212290503
0.8715083798882681
0.9050279329608939
0.601806655388394
0.990777371550889
0.49273743016759775
0.7597765363128491
0.8312849162011173
0.8949720670391061
0.929608938547486
0.6114861441934224
0.992123755270249
0.4949720670391061
0.7564245810055866
0.823463687150838
0.8815642458100559
0.9139664804469274
0.609709000154227
0.9916046073130814
0.49385474860335193
0.7541899441340782
0.8189944134078212
0.8759776536312849
0.911731843575419
0.607406393558377
0.9913345303411448
0.2636871508379888
0.5407821229050279
0.6480446927374302
0.7229050279329609
0.7608938547486034
0.3936185571973327
0.947769114197543
0.5039106145251396
0.7620111731843575
0.8346368715083798
0.8927374301675978
0.9284916201117318
0.6192554093524982
0.9924048353780797
0.5005586592178771
0.7597765363128491
0.8245810055865922
0.8871508379888268
0.9195530726256983
0.6156011853285622
0.9920007202052558
0.5016759776536313
0.7620111731843575
0.8245810055865922
0.888268156424581
0.9217877094972067
0.6167303467477365
0.9920787424415933
0.511731843575419
0.7698324022346369
0.8569832402234637
0.9072625698324023
0.9385474860335196
0.6275779534747915
0.9934251261609527
0.5039106145251396
0.7385474860335196
0.8122905027932961
0.8603351955307262
0.9016759776536313
0.6093144171982394
0.9908173829541388
0.506145251396648
0.7441340782122905
0.8178770949720671
0.8737430167597765
0.9094972067039107
0.6144154166287847
0.9913275283455757
0.5050279329608939
0.7519553072625699
0.8256983240223463
0.8837988826815643
0.9184357541899442
0.615205047650327
0.991781657772462
0.4770949720670391
0.7139664804469273
0.7955307262569833
0.8547486033519553
0.8983240223463688
0.587291386113686
0.9897580810530975
0.5016759776536313
0.7474860335195531
0.8201117318435754
0.8804469273743016
0.9184357541899442
0.6123814920796706
0.9915525924888565
0.49050279329608937
0.7441340782122905
0.8122905027932961
0.870391061452514
0.9072625698324023
0.603576501080981
0.991155479311601
0.511731843575419
0.7541899441340782
0.8312849162011173
0.8938547486033519
0.9262569832402234
0.6211030950766167
0.9924248410797049
0.5016759776536313
0.7452513966480447
0.8189944134078212
0.8804469273743016
0.9150837988826815
0.6111625342354781
0.9914755705376
0.4949720670391061
0.7385474860335196
0.8033519553072626
0.8715083798882681
0.9050279329608939
0.601711058349274
0.9907033504548769
0.49385474860335193
0.7396648044692737
0.8044692737430168
0.8726256983240224
0.9072625698324023
0.6014554773990581
0.990752364423858
0.5027932960893855
0.7452513966480447
0.8189944134078212
0.8804469273743016
0.9162011173184358
0.6120986011828102
0.9915645959098317
0.5039106145251396
0.7474860335195531
0.8189944134078212
0.8815642458100559
0.9195530726256983
0.6144462420798404
0.9917636526409999
0.5027932960893855
0.7620111731843575
0.8268156424581006
0.8893854748603351
0.9229050279329609
0.6176532931096963
0.9921737695243115
